            1           1    0.300000               1           1           1           1    0.700000
     0.170000        0.170000        0.170000        0.490000
            1          -1    0.170000               1           1           1           1    0.830000
     0.253000        8.700000E-02    0.253000        0.688900
           -1           1    8.700000E-02           1           1           1           1    0.913000
     0.161700        0.178300        0.344300        0.833569
           -1          -1    4.299998E-03           1           1           1           1    0.995700
     6.212999E-02    7.873001E-02    0.443870        0.991418
 Total error for epoch     3.00389
 ------------------------
            1           1    0.584730               1           1           1           1    0.415270
     0.103657        0.120257        0.485397        0.172449
            1          -1    0.468797               1           1           1           1    0.531203
     0.156777        6.713670E-02    0.538517        0.282177
           -1           1    0.448877               1           1           1           1    0.551123
     0.101665        0.122249        0.593630        0.303737
           -1          -1    0.369716               1           1           1           1    0.630284
     3.863654E-02    5.922060E-02    0.656658        0.397258
 Total error for epoch     1.15562
 ------------------------
